#e0 = (1-1000000)
#e1 = (01-100000)
#e2 = (001-10000)
#e3 = (0001-1000)
#e4 = (00001-100)
#e5 = (00000110)
#e6 = (-.5,-.5,-.5,-.5,-.5,-.5,-.5,-.5)
#e7 = (000001-10)

""" e0 e0t =
1	-1	0	0	0	0	0	0
-1	1	0	0	0	0	0	0
0	0	0	0	0	0	0	0
0	0	0	0	0	0	0	0
0	0	0	0	0	0	0	0
0	0	0	0	0	0	0	0
0	0	0	0	0	0	0	0
0	0	0	0	0	0	0	0

I - e0 e0t = 
0	1	0	0	0	0	0	0
1	0	0	0	0	0	0	0
0	0	1	0	0	0	0	0
0	0	0	1	0	0	0	0
0	0	0	0	1	0	0	0
0	0	0	0	0	1	0	0
0	0	0	0	0	0	1	0
0	0	0	0	0	0	0	1

e1 e1t = 
	
0	0	0	0	0	0	0	0
0	1	-1	0	0	0	0	0
0	-1	1	0	0	0	0	0
0	0	0	0	0	0	0	0
0	0	0	0	0	0	0	0
0	0	0	0	0	0	0	0
0	0	0	0	0	0	0	0
0	0	0	0	0	0	0	0

I - e1 e1t = 	
1	0	0	0	0	0	0	0
0	0	1	0	0	0	0	0
0	1	0	0	0	0	0	0
0	0	0	1	0	0	0	0
0	0	0	0	1	0	0	0
0	0	0	0	0	1	0	0
0	0	0	0	0	0	1	0
0	0	0	0	0	0	0	1

e2 e2t = 
0	0	0	0	0	0	0	0
0	0	0	0	0	0	0	0
0	0	1	-1	0	0	0	0
0	0	-1	1	0	0	0	0
0	0	0	0	0	0	0	0
0	0	0	0	0	0	0	0
0	0	0	0	0	0	0	0
0	0	0	0	0	0	0	0

I - e2 e2t = 
1	0	0	0	0	0	0	0
0	1	0	0	0	0	0	0
0	0	0	1	0	0	0	0
0	0	1	0	0	0	0	0
0	0	0	0	1	0	0	0
0	0	0	0	0	0	0	0
0	0	0	0	0	0	0	0
0	0	0	0	0	0	0	0

e3 e3t = 
0	0	0	0	0	0	0	0
0	0	0	0	0	0	0	0
0	0	0	0	0	0	0	0
0	0	0	1	-1	0	0	0
0	0	0	-1	1	0	0	0
0	0	0	0	0	0	0	0
0	0	0	0	0	0	0	0
0	0	0	0	0	0	0	0

I - e3 e3t = 
1	0	0	0	0	0	0	0
0	1	0	0	0	0	0	0
0	0	1	0	0	0	0	0
0	0	0	0	1	0	0	0
0	0	0	1	0	0	0	0
0	0	0	0	0	1	0	0
0	0	0	0	0	0	1	0
0	0	0	0	0	0	0	1

e4 e4t = 
0	0	0	0	0	0	0	0
0	0	0	0	0	0	0	0
0	0	0	0	0	0	0	0
0	0	0	0	0	0	0	0
0	0	0	0	1	-1	0	0
0	0	0	0	-1	1	0	0
0	0	0	0	0	0	0	0
0	0	0	0	0	0	0	0

I - e4 e4t = 
1	0	0	0	0	0	0	0
0	1	0	0	0	0	0	0
0	0	1	0	0	0	0	0
0	0	0	1	0	0	0	0
0	0	0	0	0	1	0	0
0	0	0	0	1	0	0	0
0	0	0	0	0	0	1	0
0	0	0	0	0	0	0	1

e5 e5t = 
0	0	0	0	0	0	0	0
0	0	0	0	0	0	0	0
0	0	0	0	0	0	0	0
0	0	0	0	0	0	0	0
0	0	0	0	0	0	0	0
0	0	0	0	0	1	1	0
0	0	0	0	0	1	1	0
0	0	0	0	0	0	0	0

I - e5 e5t = 
1	0	0	0	0	0	0	0
0	1	0	0	0	0	0	0
0	0	1	0	0	0	0	0
0	0	0	1	0	0	0	0
0	0	0	0	1	0	0	0
0	0	0	0	0	0	-1	0
0	0	0	0	0	-1	0	0
0	0	0	0	0	0	0	1

e6 e6t = 
0.25	0.25	0.25	0.25	0.25	0.25	0.25	0.25
0.25	0.25	0.25	0.25	0.25	0.25	0.25	0.25
0.25	0.25	0.25	0.25	0.25	0.25	0.25	0.25
0.25	0.25	0.25	0.25	0.25	0.25	0.25	0.25
0.25	0.25	0.25	0.25	0.25	0.25	0.25	0.25
0.25	0.25	0.25	0.25	0.25	0.25	0.25	0.25
0.25	0.25	0.25	0.25	0.25	0.25	0.25	0.25
0.25	0.25	0.25	0.25	0.25	0.25	0.25	0.25

I - e6 e6t = 
0.75	-0.25	-0.25	-0.25	-0.25	-0.25	-0.25	-0.25
-0.25	0.75	-0.25	-0.25	-0.25	-0.25	-0.25	-0.25
-0.25	-0.25	0.75	-0.25	-0.25	-0.25	-0.25	-0.25
-0.25	-0.25	-0.25	0.75	-0.25	-0.25	-0.25	-0.25
-0.25	-0.25	-0.25	-0.25	0.75	-0.25	-0.25	-0.25
-0.25	-0.25	-0.25	-0.25	-0.25	0.75	-0.25	-0.25
-0.25	-0.25	-0.25	-0.25	-0.25	-0.25	0.75	-0.25
-0.25	-0.25	-0.25	-0.25	-0.25	-0.25	-0.25	0.75

e7 e7t =
0	0	0	0	0	0	0	0
0	0	0	0	0	0	0	0
0	0	0	0	0	0	0	0
0	0	0	0	0	0	0	0
0	0	0	0	0	0	0	0
0	0	0	0	0	1	-1	0
0	0	0	0	0	-1	1	0
0	0	0	0	0	0	0	0

I - e7 e7t =
1	0	0	0	0	0	0	0
0	1	0	0	0	0	0	0
0	0	1	0	0	0	0	0
0	0	0	1	0	0	0	0
0	0	0	0	1	0	0	0
0	0	0	0	0	0	1	0
0	0	0	0	0	1	0	0
0	0	0	0	0	0	0	1

(e_i, e_i) = 2
 """

import numpy as np
import scipy.linalg as la

RE = np.array([
        [-0.25 , -0.25 , -0.25 , -0.25 , -0.25 , -0.75 , 0.25 , -0.25 ],
        [0.75 , -0.25 , -0.25 , -0.25 , -0.25 , 0.25 , 0.25 , -0.25 ],
        [-0.25 , 0.75 , -0.25 , -0.25 , -0.25 , 0.25 , 0.25 , -0.25 ],
        [-0.25 , -0.25 , 0.75 , -0.25 , -0.25 , 0.25 , 0.25 , -0.25 ],
        [-0.25 , -0.25 , -0.25 , 0.75 , -0.25 , 0.25 , 0.25 , -0.25 ],
        [-0.25 , -0.25 , -0.25 , -0.25 , 0.75 , 0.25 , 0.25 , -0.25 ],
        [-0.25 , -0.25 , -0.25 , -0.25 , -0.25 , 0.25 , -0.75 , -0.25 ],
        [-0.25 , -0.25 , -0.25 , -0.25 , -0.25 , 0.25 , 0.25 , 0.75]])

results = la.eig(RE)

print("eigenvals")
print(results[0])
print("eigenvects")
print(results[1])

print(" ")

#e0 = (1-1000000)
#e1 = (01-100000)
#e2 = (001-10000)
#e3 = (0001-1000)
#e4 = (00001-100)
#e5 = (00000110)
#e6 = (000001-10)
#e7 = (-.5,-.5,-.5,-.5,-.5,-.5,-.5,-.5)

RE = np.array()

results = la.eig(RE)

print("eigenvals")
print(results[0])
print("eigenvects")
print(results[1])
